Sudoku 1:
000050000
000008470
001000600
010007000
906000700
000005000
320000060
000900020
600030004
Sudoku 2:
000000008
040007900
501000070
400000002
060028000
003700000
000070400
300000090
000690800
Sudoku 3:
000003170
004001006
100200000
040020010
800000600
090300008
000060004
309000020
000130700
Sudoku 4:
980070000
000000003
040103000
005000609
009000000
800030005
008000040
000004090
200608000
Sudoku 5:
005300000
800000020
070010500
400005300
010070006
003200080
060500009
004000030
000009700
Sudoku 6:
300200000
000107000
706030500
070009080
900020004
010800050
009040301
000702000
000008006
Sudoku 7:
000000907
000420180
000705026
100904000
050000040
000507009
920108000
034059000
507000000
Sudoku 8:
700000000
020000009
000700800
000008005
000000000
400600000
005009000
600000040
000000007
Sudoku 9:
000020040
008035000
000070090
050100000
400000007
000004060
090060000
000890300
010050000
Sudoku 10:
040000000
000003200
600000105
003080700
000602000
005070800
408000009
001200000
000000030